2
34
424	578.37
433	578.37
427	500
400+402	570
403	570
403’	500
405	700
406	500
406'    500
418+417	600
413+410	1000
419	1200
423	300
408	300
347	300
348	600
345+339	1500
338	570
337	1300
328	700
323	300
317+321	700
316	700
312	570
308+330	2600
305	300
231	300
230	500
230(1)	500
229	1200
236	500
226+219	1000
212+218	1000
206+201+200	2000
91
E1	SU1	10.45
SU1	424	10.45
424	427	10.45
427	433	10.45
433	SU1	10.45
400	403	10.45
400	SD1	10.45
400	S1	10.45
S1	403	10.45
403	S2	10.45
S2	403'	10.45
403'	SD2	10.45
SD2	405	10.45
405	SD3	10.45
403'	S3	10.45
S3	406	10.45
406	S4	10.45
S4	406'	10.45
406'	S5	10.45
S5	408	10.45
406	418	10.45
418	S6	10.45
S6	419	10.45
418	S7	10.45
S7	413	10.45
418	419	10.45
419	413	10.45
419	423	10.45
423	413	10.45
423	408	10.45
413	408	10.45
406	408	10.45
419	408	10.45
417	413	10.45
408	347	10.45
347	348	10.45
347	345	10.45
345	S10	10.45
S10	338	10.45
338	S11	10.45
S11	337	10.45
337	SU2	10.45
345	338	10.45
338	337	10.45
337	328	10.45
328	S14	10.45
S14	323	10.45
323	S13	10.45
S13	317	10.45
328	323	10.45
317	316	10.45
317	SU3	10.45
SU3	316	10.45
316	312	10.45
312	308	10.45
316	SU4	10.45
SU4	312	10.45
312	SU5	10.45
SU5	308	10.45
308	S9	10.45
S9	300'	10.45
300'	S8	10.45
S8	348	10.45
S9	347	10.45
308	305	10.45
305	231	10.45
231	SU6	10.45
SU6	236	10.45
236	230(1)	10.45
230(1)	230	10.45
230	231	10.45
236	S12	10.45
S12	226	10.45
226	E2	10.45
S12	E2	10.45
226	230	10.45
212	SU8	10.45
212	E2'	10.45
212	S15	10.45
SU8	E2'	10.45
S15	E2'	10.45
206	S15	10.45
206	S16	10.45
206	SU17	10.45
SU16	E2'	10.45
SU17	E2'	10.45
206	E2'	10.45
230	229	31.35
229	230(1)	20.9
348	345	20.9
212	206	20.9
34
724	578.3652
733	578.3652
727	500
700	570
703	570
703'	500
705	700
706	500
706'	500
718	600
713	1000
719	1200
723	300
708	300
647	300
648	600
645	1500
638	570
637	1300
628	700
623	300
617	700
616	700
612	570
608	2600
605	300
531	300
530	500
530(1)	500
529	1200
536	500
526	1000
512	1000
506	2000
79
SU1	724	10.45
724	727	10.45
727	733	10.45
733	SU1	10.45
700	703	10.45
700	S1	10.45
S1	703	10.45
703	S2	10.45
S2	703'	10.45
705	SD3	10.45
703'	S3	10.45
S3	706	10.45
706	S4	10.45
S4	706'	10.45
706'	S5	10.45
S5	708	10.45
706	718	10.45
718	S6	10.45
S6	719	10.45
718	S7	10.45
S7	713	10.45
718	719	10.45
719	713	10.45
719	723	10.45
723	713	10.45
723	708	10.45
713	708	10.45
706	708	10.45
719	708	10.45
717	713	10.45
708	647	10.45
647	648	10.45
647	645	10.45
645	S10	10.45
S10	638	10.45
638	S11	10.45
S11	637	10.45
637	SU2	10.45
645	638	10.45
638	637	10.45
637	628	10.45
628	S14	10.45
S14	623	10.45
623	S13	10.45
S13	617	10.45
628	623	10.45
617	616	10.45
617	SU3	10.45
SU3	616	10.45
616	612	10.45
612	608	10.45
616	SU4	10.45
SU4	612	10.45
612	SU5	10.45
SU5	608	10.45
608	S9	10.45
S9	600'	10.45
600'	S8	10.45
S8	648	10.45
S9	647	10.45
608	605	10.45
605	531	10.45
531	SU6	10.45
SU6	536	10.45
536	530(1)	10.45
530(1)	530	10.45
530	531	10.45
536	S12	10.45
S12	526	10.45
526	530	10.45
512	SU8	10.45
512	S15	10.45
506	S15	10.45
506	S16	10.45
506	SU17	10.45
530	529	31.35
529	530(1)	20.9
648	645	20.9
512	506	20.9